--bus section
i, v, theta
1, 1.00005, 0.0143696
2, 1.00005, -0.018298
3, 1.00005, -0.0690597
4, 1.00005, -0.0532445
5, 1.00005, -0.0431543
6, 1.00005, -0.0788673
7, 1.00005, -0.0732203
8, 1.00005, -0.0732203
9, 1.0062, -0.0835722
10, 1.00005, -0.0846127
11, 1.00005, -0.0826025
12, 1.00005, -0.0844704
13, 1.00005, -0.0849995
14, 1.00005, -0.090752
42, 1.00052, -0.090752
--load section
i, id, t
14, 1, 0.500224
13, 1, 0.500203
12, 1, 0.500069
11, 1, 0.500048
10, 1, 0.500124
9, 1, 0.500447
6, 1, 0.50017
5, 1, 1.00191
4, 1, 1.75023
42, 1, 0.500224
3, 1, 0.250453
2, 1, 1.00136
--generator section
i, id, p, q, x
8, 1, 1.1619, 0, 0.806914
6, 1, 1.16211, 0, 0.806758
42, 1, 1.16211, 0, 0.806846
3, 1, 1.15415, 0, 0.788959
2, 1, 1.13183, 0, 0.793228
1, 1, 1.29705, 0, 0.695667
--line section
iorig, idest, id, x
13, 42, 1, 0.499645
13, 14, 1, 0.499645
10, 11, 1, 0.499645
9, 14, 1, 0.499645
7, 8, 1, 0.499645
2, 3, 1, 0.499645
2, 4, 1, 0.499645
6, 11, 1, 0.499645
4, 5, 1, 0.499645
7, 9, 1, 0.499645
2, 5, 1, 0.499645
1, 2, 1, 0.499645
3, 4, 1, 0.499645
1, 5, 1, 0.499645
6, 12, 1, 0.499645
12, 13, 1, 0.499645
6, 13, 1, 0.499645
9, 10, 1, 0.499645
--transformer section
iorig, idest, id, x, xst
42, 6, 1, 0.499645, 0.0129074
5, 6, 1, 0.499645, 0.0129074
4, 9, 1, 0.499645, 0.0129074
4, 7, 1, 0.500474, 0.0129074
 --switched shunt section
i, xst1, xst2, xst3, xst4, xst5, xst6, xst7, xst8
42, 1, 1, 
3, 1, 1, 
4, 2.55198, 2.55198, 
