--bus section
i, v, theta
1, 1, 0
2, 1, 0.00795646
3, 1, 0.0203226
4, 1, 0.0164693
5, 1, 0.0140111
6, 1, 0.0227125
7, 1, 0.0213364
8, 1, 0.0213364
9, 0.999991, 0.0238591
10, 1, 0.0241126
11, 1, 0.0236227
12, 1, 0.024078
13, 1, 0.0242069
14, 1, 0.0256089
42, 1, 0.0256089
--load section
i, id, t
14, 1, 0.500193
13, 1, 0.500179
12, 1, 0.500072
11, 1, 0.500044
10, 1, 0.500119
9, 1, 0.500404
6, 1, 0.500158
5, 1, 1.03714
4, 1, 1.75019
42, 1, 0.500193
3, 1, 0.250411
2, 1, 1.03676
--generator section
i, id, p, q, x
8, 1, 0.991037, 0, 1
6, 1, 1.16473, 0, 1
42, 1, 0.616534, 0, 0.00800044
3, 1, 0.962321, 0, 1
2, 1, 1.12437, 0, 1
1, 1, 1.58803, 0, 1
--line section
iorig, idest, id, x
13, 42, 1, 1
13, 14, 1, 1
10, 11, 1, 1
9, 14, 1, 0.542464
7, 8, 1, 1
2, 3, 1, 1
2, 4, 1, 0.542464
6, 11, 1, 0.449377
4, 5, 1, 1
7, 9, 1, 0.425648
2, 5, 1, 1
1, 2, 1, 1
3, 4, 1, 0.500401
1, 5, 1, 0.473617
6, 12, 1, 1
12, 13, 1, 0.5392
6, 13, 1, 0.3362
9, 10, 1, 1
--transformer section
iorig, idest, id, x, xst
42, 6, 1, 0.542397, 0
5, 6, 1, 0.542397, 0
4, 9, 1, 0.528885, 0
4, 7, 1, 1, 0
 --switched shunt section
i, xst1, xst2, xst3, xst4, xst5, xst6, xst7, xst8
42, 1, 1, 
3, 1, 1, 
4, 2.90842, 2.90842, 
