--bus section
i, v, theta
1, 1.0021, 5.5493
2, 1.0021, 5.46471
3, 1.0021, 5.33327
4, 1.0021, 5.37422
5, 1.0021, 5.40034
6, 1.0021, 5.30787
7, 1.0021, 5.32249
8, 1.0021, 5.32249
9, 1.0035, 5.29569
10, 1.0021, 5.29299
11, 1.0021, 5.2982
12, 1.0021, 5.29336
13, 1.0021, 5.29199
14, 1.0021, 5.2771
42, 1.0021, 5.2771
--load section
i, id, t
14, 1, 0.500189
13, 1, 0.500162
12, 1, 0.500072
11, 1, 0.500035
10, 1, 0.500082
9, 1, 0.500324
6, 1, 0.500114
5, 1, 1.11621
4, 1, 1.7533
42, 1, 0.500189
3, 1, 0.247347
2, 1, 1.11072
--generator section
i, id, p, q, x
8, 1, 1.28122, 0, 0.783382
6, 1, 1.28122, 0, 0.783382
42, 1, 1.28122, 0, 0.783382
3, 1, 1.28994, 0, 0.792609
2, 1, 1.24641, 0, 0.709151
1, 1, 1.4125, 0, 0.707727
--line section
iorig, idest, id, x
13, 42, 1, 0.54365
13, 14, 1, 0.54365
10, 11, 1, 0.54365
9, 14, 1, 0.54365
7, 8, 1, 0.54365
2, 3, 1, 0.54365
2, 4, 1, 0.54365
6, 11, 1, 0.54365
4, 5, 1, 0.54365
7, 9, 1, 0.54365
2, 5, 1, 0.54365
1, 2, 1, 0.54365
3, 4, 1, 0.54365
1, 5, 1, 0.54365
6, 12, 1, 0.54365
12, 13, 1, 0.54365
6, 13, 1, 0.54365
9, 10, 1, 0.54365
--transformer section
iorig, idest, id, x, xst
42, 6, 1, 0.577502, 5.54121
5, 6, 1, 0.577502, 5.54121
4, 9, 1, 0.577502, 5.54121
4, 7, 1, 0.521525, 5.54121
 --switched shunt section
i, xst1, xst2, xst3, xst4, xst5, xst6, xst7, xst8
42, 1, 1, 
3, 1, 1, 
4, 3.14968, 3.14968, 
